[2575, 140, 2435, '05/07/2023']
[2435, 130, 2305, '05/07/2023']
[2305, 1200, 1105, '05/07/2023']
[1105, 280, 825, '05/07/2023']
[825, 280, 545, '05/07/2023']
[2045, 500, 1545, '05/07/2023']
[3595, 130, 3465, '05/07/2023']
[3465, 140, 3325, '05/07/2023']
[3915, 65, 3850, '06/07/2023']
[3850, 65, 3785, '06/07/2023']
[3785, 65, 3720, '06/07/2023']
[3720, 280, 3440, '06/07/2023']
[3440, 280, 3160, '13/07/2023']
[3160, 130, 3030, '13/07/2023']
[3030, 50, 2980, '13/07/2023']
[2980, 130, 2850, '13/07/2023']